1 0.735156 0.164844 0.079687 0.120313
1 0.590234 0.190625 0.074219 0.146875
1 0.900000 0.213281 0.100000 0.185938
1 0.511328 0.208594 0.060156 0.110937
1 0.851562 0.201563 0.065625 0.156250
1 0.725781 0.291797 0.085938 0.167969
1 0.436328 0.230859 0.053906 0.102344
1 0.352734 0.224609 0.061719 0.089844
1 0.176172 0.241797 0.039844 0.099219
1 0.270703 0.251172 0.047656 0.099219
1 0.057813 0.213672 0.050000 0.089844
1 0.098828 0.254688 0.038281 0.075000
1 0.153906 0.234375 0.029687 0.084375
1 0.568750 0.260547 0.043750 0.096094
1 0.642188 0.202344 0.043750 0.117188
